forcing_file=BMI
surface_partitioning_scheme=Schaake
soil_params.depth=2.0[m]
soil_params.b=8.647313117980957[]
soil_params.satdk=8.653487520479571e-06[m s-1]
soil_params.satpsi=0.0288069796744149[m]
soil_params.slop=0.0301190645181647[m/m]
soil_params.smcmax=0.4558335396376275[m/m]
soil_params.wltsmc=0.0469999983906745[m/m]
soil_params.expon=1.0[]
soil_params.expon_secondary=0.005[]
max_gw_storage=78.820152283[m]
Cgw=0.0018[m h-1]
expon=6.0[]
gw_storage=0.05[m/m]
alpha_fc=0.33
soil_storage=0.05[m/m]
K_nash=0.03[]
K_lf=0.01[]
nash_storage=0.0,0.0
giuh_ordinates=1.00,0.00
num_timesteps=1
verbosity=1
DEBUG=0
refkdt=3.017799990955523
